2499
2500
2607
2589
2559
2574
2789
2546
2524
2443
2546
2497
2483
2429
2465
2392
2683
2380
2333
2401
2474
2431
2370
2380
2405
2540
2320
2586
2791
2334
2457
2646
2357
2391
2223
2255
2231
2108
2279
2370
2109
2114
2172
2081
2178
2104
2245
2485
2478
2479
2510
3008
2650
2512
2295
2314
2320
2349
2357
2398
2280
2291
2283
2266
2223
2196
2250
2231
2187
2171
2078
2122
2097
2090
2049
2104
2067
2036
1944
2091
1967
1937
2002
1887
1921
1940
1853
1820
1939
1824
1822
1894
1847
1813
1799
1845
1714
1702
1736
1665
1746
1723
1756
1728
1705
1784
1814
1803
1807
1767
1952
2006
1815
1740
1815
1890
1949
2140
1963
1897
2031
2070
2070
1915
1963
2024
2061
2133
2123
2243
2144
2166
2196
2237
2201
2229
2356
2410
2307
2386
2458
2308
2462
2416
2393
2398
2416
2427
2479
2493
2479
2464
2445
2506
2490
2502
2524
2551
2520
2576
2478
2460
2497
2522
2601
