0.065 0.0 0.0
0.077 0.185 0.034
0.086 0.18 0.033
0.094 0.177 0.034
0.121 0.212 0.035
0.09 0.193 0.035
0.088 0.182 0.036
0.094 0.188 0.035
0.085 0.189 0.036
0.088 0.181 0.036
0.097 0.239 0.04
0.103 0.238 0.039
0.088 0.187 0.038
0.086 0.184 0.037
0.082 0.188 0.04
0.081 0.212 0.049
0.078 0.198 0.039
0.082 0.227 0.042
0.085 0.19 0.04
0.087 0.236 0.041
0.078 0.194 0.041
0.087 0.192 0.039
0.083 0.204 0.041
0.078 0.198 0.041
0.075 0.192 0.043
0.081 0.209 0.043
0.078 0.249 0.055
0.079 0.242 0.044
0.079 0.218 0.046
0.081 0.235 0.043
0.085 0.22 0.044
0.078 0.209 0.044
0.081 0.212 0.045
0.081 0.222 0.048
0.078 0.201 0.049
0.102 0.218 0.046
0.08 0.216 0.047
0.083 0.211 0.05
0.079 0.211 0.047
0.078 0.22 0.047
0.088 0.221 0.048
0.077 0.227 0.052
0.078 0.221 0.047
0.076 0.231 0.048
0.086 0.228 0.05
0.078 0.21 0.049
0.077 0.214 0.05
0.09 0.241 0.056
0.085 0.244 0.054
0.085 0.248 0.059
0.084 0.266 0.052
0.079 0.25 0.068
0.125 0.337 0.06
0.092 0.269 0.054
0.09 0.259 0.063
0.097 0.287 0.064
0.089 0.275 0.087
0.086 0.24 0.054
0.079 0.241 0.055
0.077 0.246 0.052
0.088 0.227 0.052
0.072 0.238 0.053
0.07 0.296 0.058
0.082 0.253 0.059
0.078 0.231 0.056
0.08 0.24 0.06
0.085 0.259 0.057
0.08 0.24 0.058
0.087 0.304 0.06
0.091 0.26 0.06
0.082 0.229 0.058
0.068 0.254 0.058
0.079 0.308 0.064
0.162 0.448 0.062
0.083 0.227 0.071
0.094 0.431 0.053
0.081 0.233 0.062
0.076 0.242 0.063
0.073 0.242 0.057
0.069 0.233 0.059
0.067 0.225 0.061
0.07 0.225 0.063
0.075 0.238 0.056
0.07 0.226 0.057
0.069 0.226 0.061
0.081 0.236 0.059
0.074 0.224 0.059
0.07 0.224 0.058
0.068 0.23 0.056
0.069 0.213 0.061
0.067 0.242 0.063
0.087 0.337 0.076
0.073 0.226 0.057
0.065 0.226 0.059
0.066 0.228 0.056
0.067 0.235 0.063
0.065 0.222 0.058
0.069 0.231 0.058
0.066 0.232 0.056
0.062 0.221 0.061
0.071 0.238 0.059
0.068 0.239 0.057
0.07 0.231 0.054
0.071 0.228 0.058
0.078 0.24 0.058
0.069 0.253 0.056
0.068 0.245 0.055
0.065 0.244 0.058
0.072 0.243 0.057
0.066 0.237 0.056
0.075 0.291 0.06
0.068 0.242 0.059
0.068 0.238 0.058
0.067 0.239 0.057
0.077 0.246 0.059
0.07 0.34 0.072
0.083 0.279 0.063
0.079 0.26 0.054
0.068 0.271 0.057
0.069 0.253 0.064
0.074 0.25 0.063
0.072 0.256 0.06
0.076 0.271 0.057
0.069 0.254 0.058
0.069 0.258 0.057
0.073 0.262 0.057
0.077 0.274 0.061
0.071 0.274 0.06
0.071 0.276 0.059
0.076 0.298 0.057
0.081 0.3 0.055
0.07 0.285 0.06
0.094 0.297 0.055
0.069 0.292 0.062
0.082 0.31 0.051
0.078 0.513 0.071
0.126 0.304 0.056
0.072 0.282 0.069
0.073 0.268 0.056
0.081 0.282 0.062
0.073 0.276 0.064
0.09 0.31 0.057
0.078 0.333 0.068
0.082 0.36 0.074
0.12 0.349 0.062
0.084 0.363 0.061
0.076 0.339 0.066
0.075 0.306 0.057
0.071 0.336 0.058
0.074 0.306 0.058
0.074 0.305 0.065
0.077 0.312 0.066
0.078 0.315 0.061
0.078 0.305 0.062
0.084 0.337 0.066
0.076 0.313 0.057
0.069 0.309 0.057
0.088 0.338 0.063
0.072 0.32 0.062
0.073 0.343 0.063
0.076 0.403 0.06
0.079 0.437 0.062
0.083 0.36 0.057
0.072 0.329 0.059
0.074 0.309 0.095
0.079 0.496 0.079
