0.072 0.001 0.0
0.067 0.17 0.031
0.089 0.187 0.033
0.096 0.185 0.033
0.089 0.204 0.033
0.094 0.173 0.032
0.088 0.19 0.034
0.092 0.176 0.035
0.087 0.194 0.036
0.087 0.184 0.035
0.092 0.184 0.034
0.09 0.19 0.036
0.089 0.224 0.038
0.084 0.184 0.037
0.079 0.185 0.041
0.088 0.185 0.12
0.069 0.199 0.04
0.116 0.214 0.038
0.094 0.226 0.041
0.082 0.195 0.04
0.09 0.2 0.04
0.093 0.21 0.039
0.08 0.185 0.04
0.08 0.204 0.04
0.081 0.201 0.042
0.079 0.187 0.04
0.077 0.19 0.041
0.09 0.213 0.044
0.086 0.208 0.042
0.095 0.229 0.045
0.085 0.202 0.044
0.086 0.188 0.043
0.077 0.2 0.043
0.077 0.204 0.044
0.077 0.192 0.042
0.075 0.195 0.044
0.078 0.206 0.044
0.078 0.183 0.044
0.083 0.191 0.045
0.073 0.211 0.047
0.08 0.206 0.044
0.088 0.218 0.045
0.084 0.203 0.046
0.091 0.191 0.047
0.09 0.209 0.048
0.075 0.204 0.048
0.075 0.196 0.048
0.08 0.203 0.046
0.089 0.214 0.048
0.07 0.202 0.051
0.074 0.228 0.049
0.077 0.219 0.048
0.074 0.25 0.049
0.074 0.229 0.05
0.075 0.231 0.048
0.074 0.251 0.049
0.074 0.223 0.05
0.091 0.249 0.052
0.101 0.229 0.052
0.08 0.24 0.053
0.072 0.216 0.052
0.084 0.23 0.056
0.086 0.246 0.058
0.08 0.253 0.052
0.098 0.244 0.053
0.068 0.211 0.053
0.082 0.226 0.055
0.081 0.23 0.053
0.072 0.217 0.057
0.078 0.22 0.053
0.069 0.221 0.055
0.068 0.226 0.055
0.073 0.222 0.055
0.086 0.219 0.055
0.077 0.234 0.056
0.07 0.229 0.056
0.07 0.225 0.054
0.071 0.212 0.054
0.07 0.212 0.056
0.065 0.216 0.055
0.068 0.223 0.057
0.068 0.213 0.056
0.066 0.215 0.058
0.076 0.218 0.057
0.066 0.213 0.057
0.065 0.211 0.055
0.074 0.214 0.056
0.075 0.202 0.058
0.069 0.214 0.058
0.074 0.223 0.057
0.07 0.223 0.059
0.075 0.226 0.056
0.068 0.267 0.057
0.083 0.247 0.058
0.067 0.256 0.06
0.065 0.223 0.054
0.062 0.219 0.056
0.063 0.227 0.056
0.072 0.234 0.058
0.063 0.225 0.063
0.076 0.234 0.059
0.069 0.221 0.055
0.073 0.234 0.056
0.071 0.212 0.055
0.071 0.221 0.055
0.065 0.243 0.057
0.065 0.22 0.056
0.069 0.23 0.058
0.064 0.223 0.055
0.064 0.234 0.06
0.066 0.229 0.057
0.068 0.24 0.06
0.071 0.246 0.064
0.069 0.229 0.053
0.072 0.241 0.063
0.08 0.264 0.057
0.07 0.238 0.057
0.069 0.249 0.056
0.077 0.269 0.056
0.07 0.266 0.057
0.072 0.241 0.057
0.067 0.231 0.058
0.067 0.246 0.057
0.069 0.248 0.055
0.065 0.253 0.063
0.076 0.253 0.057
0.068 0.252 0.062
0.072 0.254 0.061
0.086 0.271 0.057
0.084 0.257 0.056
0.074 0.255 0.055
0.068 0.254 0.065
0.076 0.26 0.06
0.07 0.255 0.058
0.067 0.271 0.053
0.071 0.255 0.055
0.064 0.261 0.053
0.071 0.268 0.061
0.073 0.261 0.059
